001,00,00,00,01,00,00,00,00,00,00,00,00,00,00,00,00,00,00,00,00,00,00,01,0100000000000000000000000000000000000001,Start ,file1,Blk1,Blk2,Blk3,Blk4,Blk5,Blk6
002,00,00,00,01,01,00,00,00,00,00,00,00,00,00,00,00,00,00,00,00,00,00,02,0101000000000000000000000000000000000002,Dashboard,file2,Blk1,Blk2,Blk3,Blk4,Blk5,Blk6
003,00,00,00,01,02,00,00,00,00,00,00,00,00,00,00,00,00,00,00,00,00,00,02,0102000000000000000000000000000000000002,Thing to do,file3,Blk1,Blk2,Blk3,Blk4,Blk5,Blk6
004,00,00,00,01,02,01,00,00,00,00,00,00,00,00,00,00,00,00,00,00,00,00,03,0102010000000000000000000000000000000003,Notification,file4,Blk1,Blk2,Blk3,Blk4,Blk5,Blk6
005,00,00,00,01,02,02,00,00,00,00,00,00,00,00,00,00,00,00,00,00,00,00,03,0102020000000000000000000000000000000003,Need Approval,file5,Blk1,Blk2,Blk3,Blk4,Blk5,Blk6
006,00,00,00,01,02,03,00,00,00,00,00,00,00,00,00,00,00,00,00,00,00,00,03,0102030000000000000000000000000000000003,This month Approval,file6,Blk1,Blk2,Blk3,Blk4,Blk5,Blk6
007,00,00,00,01,03,00,00,00,00,00,00,00,00,00,00,00,00,00,00,00,00,00,02,0103000000000000000000000000000000000002,List of items,file7,Blk1,Blk2,Blk3,Blk4,Blk5,Blk6
008,00,00,00,01,03,01,00,00,00,00,00,00,00,00,00,00,00,00,00,00,00,00,03,0103010000000000000000000000000000000003,Item to dispose,file8,Blk1,Blk2,Blk3,Blk4,Blk5,Blk6
009,00,00,00,01,03,01,01,00,00,00,00,00,00,00,00,00,00,00,00,00,00,00,04,0103010100000000000000000000000000000004,Waiting approval,file9,Blk1,Blk2,Blk3,Blk4,Blk5,Blk6
010,00,00,00,01,03,01,02,00,00,00,00,00,00,00,00,00,00,00,00,00,00,00,04,0103010200000000000000000000000000000004,Waiting disposal date,file10,Blk1,Blk2,Blk3,Blk4,Blk5,Blk6
011,00,00,00,01,03,02,00,00,00,00,00,00,00,00,00,00,00,00,00,00,00,00,03,0103020000000000000000000000000000000003,Item to return,file11,Blk1,Blk2,Blk3,Blk4,Blk5,Blk6
012,00,00,00,01,03,02,01,00,00,00,00,00,00,00,00,00,00,00,00,00,00,00,04,0103020100000000000000000000000000000004,Return to vendor,file12,Blk1,Blk2,Blk3,Blk4,Blk5,Blk6
013,00,00,00,01,03,02,02,00,00,00,00,00,00,00,00,00,00,00,00,00,00,00,04,0103020200000000000000000000000000000004,Return to manufacturer,file13,Blk1,Blk2,Blk3,Blk4,Blk5,Blk6
014,00,00,00,01,03,02,03,00,00,00,00,00,00,00,00,00,00,00,00,00,00,00,04,0103020300000000000000000000000000000004,Return to sender,file14,Blk1,Blk2,Blk3,Blk4,Blk5,Blk6
015,00,00,00,01,03,03,00,00,00,00,00,00,00,00,00,00,00,00,00,00,00,00,03,0103030000000000000000000000000000000003,Item to transfer,file15,Blk1,Blk2,Blk3,Blk4,Blk5,Blk6
016,00,00,00,01,03,03,01,00,00,00,00,00,00,00,00,00,00,00,00,00,00,00,04,0103030100000000000000000000000000000004,Inside building,file16,Blk1,Blk2,Blk3,Blk4,Blk5,Blk6
017,00,00,00,01,03,03,02,00,00,00,00,00,00,00,00,00,00,00,00,00,00,00,04,0103030200000000000000000000000000000004,Outside building,file17,Blk1,Blk2,Blk3,Blk4,Blk5,Blk6
018,00,00,00,01,03,03,03,00,00,00,00,00,00,00,00,00,00,00,00,00,00,00,04,0103030300000000000000000000000000000004,To another department,file18,Blk1,Blk2,Blk3,Blk4,Blk5,Blk6
019,00,00,00,01,03,03,04,00,00,00,00,00,00,00,00,00,00,00,00,00,00,00,04,0103030400000000000000000000000000000004,To main store,file19,Blk1,Blk2,Blk3,Blk4,Blk5,Blk6
020,00,00,00,01,04,00,00,00,00,00,00,00,00,00,00,00,00,00,00,00,00,00,02,0104000000000000000000000000000000000002,Requests,file20,Blk1,Blk2,Blk3,Blk4,Blk5,Blk6
021,00,00,00,01,04,01,00,00,00,00,00,00,00,00,00,00,00,00,00,00,00,00,03,0104010000000000000000000000000000000003,Request pertama,file21,Blk1,Blk2,Blk3,Blk4,Blk5,Blk6
022,00,00,00,01,04,02,00,00,00,00,00,00,00,00,00,00,00,00,00,00,00,00,03,0104020000000000000000000000000000000003,Request kedua,file22,Blk1,Blk2,Blk3,Blk4,Blk5,Blk6
023,00,00,00,01,04,02,01,00,00,00,00,00,00,00,00,00,00,00,00,00,00,00,04,0104020100000000000000000000000000000004,Request kedua,file23,Blk1,Blk2,Blk3,Blk4,Blk5,Blk6
024,00,00,00,01,04,02,02,00,00,00,00,00,00,00,00,00,00,00,00,00,00,00,04,0104020200000000000000000000000000000004,Request utama,file24,Blk1,Blk2,Blk3,Blk4,Blk5,Blk6
025,00,00,00,01,04,02,02,01,00,00,00,00,00,00,00,00,00,00,00,00,00,00,05,0104020201000000000000000000000000000005,Request utama 1,file25,Blk1,Blk2,Blk3,Blk4,Blk5,Blk6
026,00,00,00,01,04,02,02,02,00,00,00,00,00,00,00,00,00,00,00,00,00,00,05,0104020202000000000000000000000000000005,Request utama 2,file26,Blk1,Blk2,Blk3,Blk4,Blk5,Blk6
027,00,00,00,01,04,02,02,02,01,00,00,00,00,00,00,00,00,00,00,00,00,00,06,0104020202010000000000000000000000000006,Request Pejabat,file27,Blk1,Blk2,Blk3,Blk4,Blk5,Blk6
028,00,00,00,01,04,02,02,02,02,00,00,00,00,00,00,00,00,00,00,00,00,00,06,0104020202020000000000000000000000000006,Request Jabatan,file28,Blk1,Blk2,Blk3,Blk4,Blk5,Blk6
029,00,00,00,01,04,02,02,02,02,01,00,00,00,00,00,00,00,00,00,00,00,00,07,0104020202020100000000000000000000000007,Request Jabatan1,file29,Blk1,Blk2,Blk3,Blk4,Blk5,Blk6
030,00,00,00,01,04,02,02,02,02,02,00,00,00,00,00,00,00,00,00,00,00,00,07,0104020202020200000000000000000000000007,Request Jabatan2,file30,Blk1,Blk2,Blk3,Blk4,Blk5,Blk6
031,00,00,00,01,04,02,02,02,02,02,01,00,00,00,00,00,00,00,00,00,00,00,08,0104020202020201000000000000000000000008,Request Jabatan 2 lama,file31,Blk1,Blk2,Blk3,Blk4,Blk5,Blk6
032,00,00,00,01,04,02,02,02,02,02,01,01,00,00,00,00,00,00,00,00,00,00,09,0104020202020201010000000000000000000009,Request lama sangat,file32,Blk1,Blk2,Blk3,Blk4,Blk5,Blk6
033,00,00,00,01,04,02,02,02,02,02,01,01,01,00,00,00,00,00,00,00,00,00,10,0104020202020201010100000000000000000010,Request lama sangat 1,file33,Blk1,Blk2,Blk3,Blk4,Blk5,Blk6
034,00,00,00,01,04,02,02,02,02,02,01,01,02,00,00,00,00,00,00,00,00,00,10,0104020202020201010200000000000000000010,Request lama sangat 2,file34,Blk1,Blk2,Blk3,Blk4,Blk5,Blk6
035,00,00,00,01,04,02,02,02,02,02,01,01,03,00,00,00,00,00,00,00,00,00,10,0104020202020201010300000000000000000010,Request lama sangat 3,file35,Blk1,Blk2,Blk3,Blk4,Blk5,Blk6
036,00,00,00,01,04,02,02,02,02,02,01,01,03,01,00,00,00,00,00,00,00,00,11,0104020202020201010301000000000000000011,Request lam tapi batal,file36,Blk1,Blk2,Blk3,Blk4,Blk5,Blk6
037,00,00,00,01,04,02,02,02,02,02,01,01,03,02,00,00,00,00,00,00,00,00,11,0104020202020201010302000000000000000011,Request lam tapi batal 2,file37,Blk1,Blk2,Blk3,Blk4,Blk5,Blk6
038,00,00,00,01,04,02,02,02,02,02,01,01,03,02,01,00,00,00,00,00,00,00,12,0104020202020201010302010000000000000012,Request batal A,file38,Blk1,Blk2,Blk3,Blk4,Blk5,Blk6
039,00,00,00,01,04,02,02,02,02,02,01,01,03,02,02,00,00,00,00,00,00,00,12,0104020202020201010302020000000000000012,Request batal B,file39,Blk1,Blk2,Blk3,Blk4,Blk5,Blk6
040,00,00,00,01,04,02,02,02,02,02,01,01,03,02,03,00,00,00,00,00,00,00,12,0104020202020201010302030000000000000012,Request batal C,file40,Blk1,Blk2,Blk3,Blk4,Blk5,Blk6
041,00,00,00,01,04,02,02,02,02,02,01,01,03,03,00,00,00,00,00,00,00,00,11,0104020202020201010303000000000000000011,Request lam tapi batal 3,file41,Blk1,Blk2,Blk3,Blk4,Blk5,Blk6
042,00,00,00,01,04,02,02,02,02,02,01,01,03,04,00,00,00,00,00,00,00,00,11,0104020202020201010304000000000000000011,Request lam tapi batal 4,file42,Blk1,Blk2,Blk3,Blk4,Blk5,Blk6
043,00,00,00,01,04,02,02,02,02,02,01,01,04,00,00,00,00,00,00,00,00,00,10,0104020202020201010400000000000000000010,Request lama sangat 4,file43,Blk1,Blk2,Blk3,Blk4,Blk5,Blk6
044,00,00,00,01,04,02,02,02,02,02,01,01,05,00,00,00,00,00,00,00,00,00,10,0104020202020201010500000000000000000010,Request lama sangat 5,file44,Blk1,Blk2,Blk3,Blk4,Blk5,Blk6
045,00,00,00,01,04,02,02,02,02,02,01,02,00,00,00,00,00,00,00,00,00,00,09,0104020202020201020000000000000000000009,Request tak lama sangat,file45,Blk1,Blk2,Blk3,Blk4,Blk5,Blk6
046,00,00,00,01,04,02,02,02,02,02,01,03,00,00,00,00,00,00,00,00,00,00,09,0104020202020201030000000000000000000009,Request lama giler,file46,Blk1,Blk2,Blk3,Blk4,Blk5,Blk6
047,00,00,00,01,04,02,02,02,02,02,01,03,01,00,00,00,00,00,00,00,00,00,10,0104020202020201030100000000000000000010,Request lama giler batal,file47,Blk1,Blk2,Blk3,Blk4,Blk5,Blk6
048,00,00,00,01,04,02,02,02,02,02,01,03,02,00,00,00,00,00,00,00,00,00,10,0104020202020201030200000000000000000010,Request lama giler tak batal,file48,Blk1,Blk2,Blk3,Blk4,Blk5,Blk6
049,00,00,00,01,04,02,02,02,02,02,01,04,00,00,00,00,00,00,00,00,00,00,09,0104020202020201040000000000000000000009,Request lama giler B,file49,Blk1,Blk2,Blk3,Blk4,Blk5,Blk6
050,00,00,00,01,04,02,02,02,02,02,01,05,00,00,00,00,00,00,00,00,00,00,09,0104020202020201050000000000000000000009,Request lama giler C,file50,Blk1,Blk2,Blk3,Blk4,Blk5,Blk6
051,00,00,00,01,04,02,02,02,02,02,02,00,00,00,00,00,00,00,00,00,00,00,08,0104020202020202000000000000000000000008,Request Jabatan 2 baru,file51,Blk1,Blk2,Blk3,Blk4,Blk5,Blk6
052,00,00,00,01,04,02,02,02,02,02,03,00,00,00,00,00,00,00,00,00,00,00,08,0104020202020203000000000000000000000008,Request Jabatan 2 sangat baru,file52,Blk1,Blk2,Blk3,Blk4,Blk5,Blk6
053,00,00,00,01,04,02,02,02,02,02,04,00,00,00,00,00,00,00,00,00,00,00,08,0104020202020204000000000000000000000008,Request Jabatan 2 terkini,file53,Blk1,Blk2,Blk3,Blk4,Blk5,Blk6
054,00,00,00,01,04,02,02,02,02,02,04,01,00,00,00,00,00,00,00,00,00,00,09,0104020202020204010000000000000000000009,Request Jabatan 2 terkini A,file54,Blk1,Blk2,Blk3,Blk4,Blk5,Blk6
055,00,00,00,01,04,02,02,02,02,02,04,02,00,00,00,00,00,00,00,00,00,00,09,0104020202020204020000000000000000000009,Request Jabatan 2 terkini B,file55,Blk1,Blk2,Blk3,Blk4,Blk5,Blk6
056,00,00,00,01,04,02,02,02,02,03,00,00,00,00,00,00,00,00,00,00,00,00,07,0104020202020300000000000000000000000007,Request Jabatan3,file56,Blk1,Blk2,Blk3,Blk4,Blk5,Blk6
057,00,00,00,01,04,02,02,02,02,04,00,00,00,00,00,00,00,00,00,00,00,00,07,0104020202020400000000000000000000000007,Request Jabatan4,file57,Blk1,Blk2,Blk3,Blk4,Blk5,Blk6
058,00,00,00,01,04,02,02,02,03,00,00,00,00,00,00,00,00,00,00,00,00,00,06,0104020202030000000000000000000000000006,Request Bangunan,file58,Blk1,Blk2,Blk3,Blk4,Blk5,Blk6
059,00,00,00,01,04,02,02,03,00,00,00,00,00,00,00,00,00,00,00,00,00,00,05,0104020203000000000000000000000000000005,Request utama 3,file59,Blk1,Blk2,Blk3,Blk4,Blk5,Blk6
060,00,00,00,01,04,02,02,03,01,00,00,00,00,00,00,00,00,00,00,00,00,00,06,0104020203010000000000000000000000000006,Request utama 3A,file60,Blk1,Blk2,Blk3,Blk4,Blk5,Blk6
061,00,00,00,01,04,02,02,03,02,00,00,00,00,00,00,00,00,00,00,00,00,00,06,0104020203020000000000000000000000000006,Request utama 3B,file61,Blk1,Blk2,Blk3,Blk4,Blk5,Blk6
062,00,00,00,01,04,02,02,03,02,01,00,00,00,00,00,00,00,00,00,00,00,00,07,0104020203020100000000000000000000000007,Request utama 3B Kiri,file62,Blk1,Blk2,Blk3,Blk4,Blk5,Blk6
063,00,00,00,01,04,02,02,03,02,02,00,00,00,00,00,00,00,00,00,00,00,00,07,0104020203020200000000000000000000000007,Request utama 3B Kanan,file63,Blk1,Blk2,Blk3,Blk4,Blk5,Blk6
064,00,00,00,01,04,02,02,03,03,00,00,00,00,00,00,00,00,00,00,00,00,00,06,0104020203030000000000000000000000000006,Request utama 3C,file64,Blk1,Blk2,Blk3,Blk4,Blk5,Blk6
065,00,00,00,01,04,02,02,03,04,00,00,00,00,00,00,00,00,00,00,00,00,00,06,0104020203040000000000000000000000000006,Request utama 3D,file65,Blk1,Blk2,Blk3,Blk4,Blk5,Blk6
066,00,00,00,01,04,02,03,00,00,00,00,00,00,00,00,00,00,00,00,00,00,00,04,0104020300000000000000000000000000000004,Request bukan utama,file66,Blk1,Blk2,Blk3,Blk4,Blk5,Blk6
067,00,00,00,01,04,02,04,00,00,00,00,00,00,00,00,00,00,00,00,00,00,00,04,0104020400000000000000000000000000000004,Request utama batal,file67,Blk1,Blk2,Blk3,Blk4,Blk5,Blk6
068,00,00,00,01,04,02,05,00,00,00,00,00,00,00,00,00,00,00,00,00,00,00,04,0104020500000000000000000000000000000004,Request bukan tak batal,file68,Blk1,Blk2,Blk3,Blk4,Blk5,Blk6
069,00,00,00,01,04,02,05,01,00,00,00,00,00,00,00,00,00,00,00,00,00,00,05,0104020501000000000000000000000000000005,Request bukan sedang batal,file69,Blk1,Blk2,Blk3,Blk4,Blk5,Blk6
070,00,00,00,01,04,02,05,02,00,00,00,00,00,00,00,00,00,00,00,00,00,00,05,0104020502000000000000000000000000000005,Request bukan batal tak jadi,file70,Blk1,Blk2,Blk3,Blk4,Blk5,Blk6
071,00,00,00,01,04,02,06,00,00,00,00,00,00,00,00,00,00,00,00,00,00,00,04,0104020600000000000000000000000000000004,Request Ketua,file71,Blk1,Blk2,Blk3,Blk4,Blk5,Blk6
072,00,00,00,01,04,03,00,00,00,00,00,00,00,00,00,00,00,00,00,00,00,00,03,0104030000000000000000000000000000000003,Request ketiga,file72,Blk1,Blk2,Blk3,Blk4,Blk5,Blk6
073,00,00,00,01,04,04,00,00,00,00,00,00,00,00,00,00,00,00,00,00,00,00,03,0104040000000000000000000000000000000003,Request keempat,file73,Blk1,Blk2,Blk3,Blk4,Blk5,Blk6
074,00,00,00,01,04,04,01,00,00,00,00,00,00,00,00,00,00,00,00,00,00,00,04,0104040100000000000000000000000000000004,Request keempat A,file74,Blk1,Blk2,Blk3,Blk4,Blk5,Blk6
075,00,00,00,01,04,04,02,00,00,00,00,00,00,00,00,00,00,00,00,00,00,00,04,0104040200000000000000000000000000000004,Request keempat B,file75,Blk1,Blk2,Blk3,Blk4,Blk5,Blk6
076,00,00,00,01,04,05,00,00,00,00,00,00,00,00,00,00,00,00,00,00,00,00,03,0104050000000000000000000000000000000003,Request kelima,file76,Blk1,Blk2,Blk3,Blk4,Blk5,Blk6
077,00,00,00,01,04,05,01,00,00,00,00,00,00,00,00,00,00,00,00,00,00,00,04,0104050100000000000000000000000000000004,Request kelima A,file77,Blk1,Blk2,Blk3,Blk4,Blk5,Blk6
078,00,00,00,01,04,05,02,00,00,00,00,00,00,00,00,00,00,00,00,00,00,00,04,0104050200000000000000000000000000000004,Request kelima B,file78,Blk1,Blk2,Blk3,Blk4,Blk5,Blk6
079,00,00,00,01,04,05,03,00,00,00,00,00,00,00,00,00,00,00,00,00,00,00,04,0104050300000000000000000000000000000004,Request kelima C,file79,Blk1,Blk2,Blk3,Blk4,Blk5,Blk6
080,00,00,00,01,04,06,00,00,00,00,00,00,00,00,00,00,00,00,00,00,00,00,03,0104060000000000000000000000000000000003,Request keenam,file80,Blk1,Blk2,Blk3,Blk4,Blk5,Blk6
081,00,00,00,01,05,00,00,00,00,00,00,00,00,00,00,00,00,00,00,00,00,00,02,0105000000000000000000000000000000000002,Registration,file81,Blk1,Blk2,Blk3,Blk4,Blk5,Blk6
082,00,00,00,01,05,01,00,00,00,00,00,00,00,00,00,00,00,00,00,00,00,00,03,0105010000000000000000000000000000000003,Register Ahli,subpages/formv1/formv1.php,subpages/formv1/formNo1.dat,Blk2,Blk3,Blk4,Blk5,Blk6
083,00,00,00,01,05,01,01,00,00,00,00,00,00,00,00,00,00,00,00,00,00,00,04,0105010100000000000000000000000000000004,Register Ahli biasa,file83,Blk1,Blk2,Blk3,Blk4,Blk5,Blk6
084,00,00,00,01,05,01,02,00,00,00,00,00,00,00,00,00,00,00,00,00,00,00,04,0105010200000000000000000000000000000004,Register Ahli kehormat,file84,Blk1,Blk2,Blk3,Blk4,Blk5,Blk6
085,00,00,00,01,05,02,00,00,00,00,00,00,00,00,00,00,00,00,00,00,00,00,03,0105020000000000000000000000000000000003,Register Pengurusan,subpages/formv1/formv1.php,subpages/formv1/formNo2.dat,Blk2,Blk3,Blk4,Blk5,Blk6
086,00,00,00,01,05,02,01,00,00,00,00,00,00,00,00,00,00,00,00,00,00,00,04,0105020100000000000000000000000000000004,Register Pengurusan biasa,file86,Blk1,Blk2,Blk3,Blk4,Blk5,Blk6
087,00,00,00,01,05,02,02,00,00,00,00,00,00,00,00,00,00,00,00,00,00,00,04,0105020200000000000000000000000000000004,Register Pengurusan tengah,file87,Blk1,Blk2,Blk3,Blk4,Blk5,Blk6
088,00,00,00,01,05,02,03,00,00,00,00,00,00,00,00,00,00,00,00,00,00,00,04,0105020300000000000000000000000000000004,Register Pengurusan tertinggi,file88,Blk1,Blk2,Blk3,Blk4,Blk5,Blk6
089,00,00,00,01,05,03,00,00,00,00,00,00,00,00,00,00,00,00,00,00,00,00,03,0105030000000000000000000000000000000003,Register tetamu,subpages/formv1/formv1.php,subpages/formv1/formv1jabatan.dat,Blk2,Blk3,Blk4,Blk5,Blk6
090,00,00,00,01,05,03,01,00,00,00,00,00,00,00,00,00,00,00,00,00,00,00,04,0105030100000000000000000000000000000004,Register tetamu local,file90,Blk1,Blk2,Blk3,Blk4,Blk5,Blk6
091,00,00,00,01,05,03,02,00,00,00,00,00,00,00,00,00,00,00,00,00,00,00,04,0105030200000000000000000000000000000004,Register tetamu Asia,file91,Blk1,Blk2,Blk3,Blk4,Blk5,Blk6
092,00,00,00,01,05,03,03,00,00,00,00,00,00,00,00,00,00,00,00,00,00,00,04,0105030300000000000000000000000000000004,Register tetamu Eropah,file92,Blk1,Blk2,Blk3,Blk4,Blk5,Blk6
093,00,00,00,01,05,03,04,00,00,00,00,00,00,00,00,00,00,00,00,00,00,00,04,0105030400000000000000000000000000000004,Register tetamu Amarekaa,file93,Blk1,Blk2,Blk3,Blk4,Blk5,Blk6
094,00,00,00,01,06,00,00,00,00,00,00,00,00,00,00,00,00,00,00,00,00,00,02,0106000000000000000000000000000000000002,Administration,file94,Blk1,Blk2,Blk3,Blk4,Blk5,Blk6
095,00,00,00,01,06,01,00,00,00,00,00,00,00,00,00,00,00,00,00,00,00,00,03,0106010000000000000000000000000000000003,Daftar user,file95,Blk1,Blk2,Blk3,Blk4,Blk5,Blk6
096,00,00,00,01,06,01,01,00,00,00,00,00,00,00,00,00,00,00,00,00,00,00,04,0106010100000000000000000000000000000004,Daftar user baru,file96,Blk1,Blk2,Blk3,Blk4,Blk5,Blk6
097,00,00,00,01,06,01,02,00,00,00,00,00,00,00,00,00,00,00,00,00,00,00,04,0106010200000000000000000000000000000004,Daftar super user baru,file97,Blk1,Blk2,Blk3,Blk4,Blk5,Blk6
098,00,00,00,01,06,02,00,00,00,00,00,00,00,00,00,00,00,00,00,00,00,00,03,0106020000000000000000000000000000000003,Edit user,file98,Blk1,Blk2,Blk3,Blk4,Blk5,Blk6
099,00,00,00,01,06,02,01,00,00,00,00,00,00,00,00,00,00,00,00,00,00,00,04,0106020100000000000000000000000000000004,Edit user,file99,Blk1,Blk2,Blk3,Blk4,Blk5,Blk6
100,00,00,00,01,06,02,02,00,00,00,00,00,00,00,00,00,00,00,00,00,00,00,04,0106020200000000000000000000000000000004,Edit super user,file100,Blk1,Blk2,Blk3,Blk4,Blk5,Blk6
101,00,00,00,01,06,02,03,00,00,00,00,00,00,00,00,00,00,00,00,00,00,00,04,0106020300000000000000000000000000000004,Edit tamu baru,file101,Blk1,Blk2,Blk3,Blk4,Blk5,Blk6
102,00,00,00,01,06,03,00,00,00,00,00,00,00,00,00,00,00,00,00,00,00,00,03,0106030000000000000000000000000000000003,Delete user,file102,Blk1,Blk2,Blk3,Blk4,Blk5,Blk6
103,00,00,00,01,06,03,01,00,00,00,00,00,00,00,00,00,00,00,00,00,00,00,04,0106030100000000000000000000000000000004,Delete user ,file103,Blk1,Blk2,Blk3,Blk4,Blk5,Blk6
104,00,00,00,01,06,03,02,00,00,00,00,00,00,00,00,00,00,00,00,00,00,00,04,0106030200000000000000000000000000000004,Delete super user,file104,Blk1,Blk2,Blk3,Blk4,Blk5,Blk6
105,00,00,00,01,06,03,03,00,00,00,00,00,00,00,00,00,00,00,00,00,00,00,04,0106030300000000000000000000000000000004,Delete tetamu,file105,Blk1,Blk2,Blk3,Blk4,Blk5,Blk6
106,00,00,00,01,06,03,04,00,00,00,00,00,00,00,00,00,00,00,00,00,00,00,04,0106030400000000000000000000000000000004,Delete aku,file106,Blk1,Blk2,Blk3,Blk4,Blk5,Blk6
107,00,00,00,01,07,00,00,00,00,00,00,00,00,00,00,00,00,00,00,00,00,00,02,0107000000000000000000000000000000000002,Profile,file107,Blk1,Blk2,Blk3,Blk4,Blk5,Blk6
108,00,00,00,01,07,01,00,00,00,00,00,00,00,00,00,00,00,00,00,00,00,00,03,0107010000000000000000000000000000000003,Personal,subpages/profile/personal/personal.php,Blk1,Blk2,Blk3,Blk4,Blk5,Blk6
109,00,00,00,01,07,02,00,00,00,00,00,00,00,00,00,00,00,00,00,00,00,00,03,0107020000000000000000000000000000000003,Account & Security,file109,Blk1,Blk2,Blk3,Blk4,Blk5,Blk6
110,00,00,00,01,07,02,01,00,00,00,00,00,00,00,00,00,00,00,00,00,00,00,04,0107020100000000000000000000000000000004,Password,file110,Blk1,Blk2,Blk3,Blk4,Blk5,Blk6
111,00,00,00,01,07,02,02,00,00,00,00,00,00,00,00,00,00,00,00,00,00,00,04,0107020200000000000000000000000000000004,Two-Factor Authentication,file111,Blk1,Blk2,Blk3,Blk4,Blk5,Blk6
112,00,00,00,01,07,02,03,00,00,00,00,00,00,00,00,00,00,00,00,00,00,00,04,0107020300000000000000000000000000000004,Active Sessions,file112,Blk1,Blk2,Blk3,Blk4,Blk5,Blk6
113,00,00,00,01,07,02,04,00,00,00,00,00,00,00,00,00,00,00,00,00,00,00,04,0107020400000000000000000000000000000004,Login History,file113,Blk1,Blk2,Blk3,Blk4,Blk5,Blk6
114,00,00,00,01,07,03,00,00,00,00,00,00,00,00,00,00,00,00,00,00,00,00,03,0107030000000000000000000000000000000003,Notification,file114,Blk1,Blk2,Blk3,Blk4,Blk5,Blk6
115,00,00,00,01,07,04,00,00,00,00,00,00,00,00,00,00,00,00,00,00,00,00,03,0107040000000000000000000000000000000003,Privacy,file115,Blk1,Blk2,Blk3,Blk4,Blk5,Blk6
116,00,00,00,01,07,05,00,00,00,00,00,00,00,00,00,00,00,00,00,00,00,00,03,0107050000000000000000000000000000000003,Account,file116,Blk1,Blk2,Blk3,Blk4,Blk5,Blk6